22.571 0.171429 1.27945 0
22.0 11.1668 1.50285 0
22.3018 19.2108 1.6171 0
22.2403 27.2258 1.57495 0
22.257 35.2543 1.66697 0
22.1507 43.076 1.47782 0
24.2357 53.1143 0.841594 0
31.6664 53.1501 -0.0303697 0
39.7368 53.059 -0.0671842 0
47.6208 53.0497 -0.10301 0
55.1213 52.2513 -0.185697 0
64.0929 52.4 -0.856909 0
63.5326 41.7063 -1.6436 0
63.2098 33.7155 -1.61122 0
63.1468 25.7438 -1.56431 0
63.5077 17.7141 -1.62401 0
62.8213 10.8882 -1.5427 0
61.8071 -0.171429 -2.0199 0
55.6093 -0.147984 3.1182 0
47.8252 0.0576145 3.10063 0
40.3512 0.0183914 -3.13405 0
32.487 0.159122 3.12987 0
24.854 -0.0558433 -3.11399 0
0 0 0 0
